50
000 000 777 000 000 000 492 421 000 690 763 540 172 211 567 782 000 000 000 135 802 000 069 393 011 000 373 000 784 198 000 000 000 000 091 000 873 000 000 281 000 000 000 336 000 729 000 124 000 000
000 000 000 434 000 000 000 808 178 584 000 000 000 932 000 368 012 586 000 795 000 000 467 000 902 492 000 301 000 441 000 444 440 031 097 000 000 000 927 856 353 965 683 624 871 000 503 270 708 000
000 796 000 000 245 451 000 000 488 000 841 000 000 000 000 000 000 000 856 000 000 365 936 000 000 228 000 474 000 395 237 000 000 428 000 000 529 404 000 000 000 606 000 000 128 369 917 324 000 000
000 000 772 000 000 000 000 000 954 669 000 000 000 507 000 000 611 000 299 000 568 000 000 000 000 000 000 000 000 305 000 444 522 000 416 000 924 062 000 000 452 379 000 071 000 000 000 000 000 000
000 000 981 996 000 773 000 190 000 466 000 000 000 000 542 107 000 179 887 000 172 009 210 000 206 000 000 000 000 000 599 000 000 811 000 705 127 000 000 920 000 000 396 000 000 000 000 000 000 000
000 000 000 640 000 000 713 190 000 000 581 336 000 000 000 000 769 000 850 000 000 000 884 000 000 000 504 000 000 000 259 000 000 000 784 000 000 528 872 958 036 753 303 000 000 890 000 746 529 000
788 249 000 000 000 000 000 253 000 125 000 975 157 436 000 000 000 000 000 027 000 556 000 000 699 000 002 403 000 000 538 151 000 000 692 000 504 049 000 000 343 000 900 971 289 988 000 000 000 000
390 000 000 000 826 000 000 000 000 000 023 000 000 190 000 367 234 000 524 614 205 312 100 726 000 552 529 290 970 000 000 000 000 627 000 214 000 000 000 000 610 189 000 000 000 000 000 888 566 000
000 417 260 237 000 217 945 000 000 000 873 289 000 478 314 000 100 618 025 074 000 681 000 270 417 569 000 000 000 000 431 000 000 000 000 000 115 000 574 000 951 000 000 740 000 000 325 000 516 000
000 796 000 580 021 000 000 000 977 000 000 904 483 759 744 911 950 560 105 000 244 000 000 000 000 000 000 000 768 000 805 000 000 000 030 000 000 593 253 000 000 000 000 377 000 000 919 000 000 000
346 000 691 000 000 000 925 000 000 217 000 963 000 000 130 000 000 000 000 000 073 000 000 000 000 503 000 195 949 000 226 000 596 000 000 000 955 000 211 000 000 379 000 000 000 000 234 000 000 000
830 000 950 000 000 000 522 924 000 000 000 000 000 000 000 486 000 159 000 000 000 000 723 000 000 000 000 000 000 365 171 269 701 000 000 000 959 806 720 000 334 991 898 000 000 000 559 010 224 539
000 109 000 000 000 989 067 223 231 000 000 000 000 000 000 590 000 000 000 000 494 000 000 000 000 000 000 000 415 825 000 000 000 000 032 000 000 415 708 000 962 483 154 309 932 000 000 563 000 000
000 000 285 000 000 000 000 116 000 000 000 839 000 000 000 360 643 928 000 000 000 000 225 000 000 853 722 000 000 097 126 071 000 910 639 888 000 000 890 199 000 000 777 657 952 641 000 298 000 000
805 428 000 308 000 197 000 000 000 000 000 000 283 000 000 382 000 000 000 334 000 985 354 000 000 000 000 852 000 000 000 217 000 000 000 851 000 000 000 000 000 537 828 000 000 856 000 000 000 000
000 000 517 000 000 000 000 000 638 364 032 000 000 000 141 000 000 969 170 844 000 814 000 000 886 000 969 000 000 000 000 000 109 000 000 000 000 295 313 000 949 000 000 000 156 000 000 000 171 677
000 000 000 000 000 000 000 000 000 000 000 000 000 919 844 238 000 000 383 133 000 000 981 000 011 912 000 902 131 000 000 718 183 487 000 000 062 000 000 496 141 000 474 000 000 000 305 000 559 160
000 000 280 000 000 000 000 583 140 723 557 000 000 000 000 000 000 000 000 000 270 000 829 000 000 000 000 024 154 569 000 710 000 000 000 000 279 000 499 000 464 000 000 515 915 881 000 000 000 722
773 000 742 000 000 000 259 000 353 000 705 000 000 734 315 000 853 450 000 802 562 610 000 000 000 000 829 000 892 000 000 000 000 361 378 700 000 000 899 000 386 000 948 000 506 092 664 000 000 000
994 000 000 933 000 312 000 709 000 608 745 000 000 000 000 559 000 652 000 000 000 000 000 000 000 527 878 000 000 124 000 000 499 000 000 115 000 000 437 000 590 202 000 000 257 000 000 683 225 000
000 000 000 634 725 952 000 000 339 000 000 000 000 000 000 339 000 000 330 294 000 000 519 000 000 000 000 279 000 000 000 000 107 000 570 540 000 000 000 000 000 496 000 763 000 000 000 164 000 000
751 000 704 000 302 000 591 407 000 000 000 931 000 427 000 543 000 000 187 643 988 000 000 000 000 486 752 000 695 000 000 142 098 000 000 853 797 547 000 086 000 877 000 000 932 000 000 000 498 154
000 334 000 000 000 797 000 000 000 000 000 000 000 100 408 349 000 634 914 000 000 000 000 930 892 629 752 366 000 000 000 776 613 300 000 629 000 000 397 775 000 000 000 000 518 000 000 134 908 000
000 000 842 000 000 810 000 596 000 000 324 000 000 000 361 000 187 000 000 000 000 879 000 000 000 000 000 135 162 000 000 163 811 000 000 234 000 000 000 000 000 880 000 000 000 000 000 000 000 000
751 000 000 000 000 681 000 000 977 000 000 000 346 072 000 000 000 000 057 793 281 000 000 000 000 000 596 000 000 000 697 000 674 000 000 000 132 529 000 000 000 629 335 000 000 043 000 766 000 653
000 000 000 204 983 000 000 997 000 878 169 000 798 000 000 000 000 000 267 000 000 000 000 000 000 000 000 862 895 660 376 173 000 254 000 481 000 396 000 000 000 000 855 854 134 281 000 000 000 171
000 899 000 000 000 000 000 000 000 000 000 000 000 000 000 000 000 000 759 525 000 158 090 000 614 000 000 865 421 000 863 000 000 004 000 356 410 631 128 000 374 605 000 000 000 867 000 732 699 000
000 000 832 461 807 497 538 139 470 000 000 000 000 000 000 743 000 000 000 000 720 000 000 000 325 000 000 000 000 000 000 000 000 000 000 000 142 000 000 000 000 000 094 000 644 000 000 000 000 925
735 000 000 296 530 000 051 000 589 000 872 482 088 337 220 694 000 000 000 000 000 236 000 884 000 724 000 000 000 710 000 000 164 000 000 000 000 410 000 000 000 000 916 781 958 806 000 000 000 000
265 566 669 000 000 000 127 999 316 000 570 986 008 277 136 000 000 946 367 000 934 000 095 000 000 000 000 630 000 000 000 000 000 161 934 795 000 000 000 000 000 000 900 861 974 000 000 428 052 000
000 000 000 000 123 790 000 000 000 799 229 000 549 528 013 563 990 000 000 036 384 000 238 000 000 490 000 000 000 000 000 250 000 878 000 758 000 000 000 711 105 736 000 000 000 000 000 000 000 000
107 376 601 000 000 000 000 227 000 433 430 000 407 927 000 000 000 718 000 335 000 000 000 000 353 000 000 000 096 000 110 000 641 481 000 000 854 736 682 000 295 000 000 364 251 000 000 000 723 000
000 401 000 000 000 806 456 795 784 000 000 000 000 000 000 695 000 000 366 863 000 000 290 161 000 000 000 000 000 000 000 000 000 000 435 448 000 000 200 651 000 000 560 000 000 000 000 000 000 000
000 000 640 859 258 000 846 875 000 000 250 000 000 000 071 000 000 000 896 644 000 000 746 370 000 000 852 286 805 000 000 000 000 000 207 200 729 758 000 007 000 000 000 000 000 440 902 485 946 000
000 000 501 000 000 392 000 000 000 381 287 328 000 000 000 259 000 000 000 000 000 000 657 911 000 000 000 078 126 760 186 000 000 000 000 000 000 833 358 000 000 000 000 000 283 000 412 000 000 000
000 000 000 428 000 056 042 000 000 000 554 658 000 000 000 216 260 763 263 399 000 000 000 111 328 000 417 000 683 589 089 853 000 000 000 000 000 784 000 000 000 784 000 000 096 000 225 000 000 000
000 894 000 835 000 082 053 000 000 314 680 000 000 564 000 023 000 000 000 545 000 000 463 000 000 000 485 000 174 000 388 000 000 841 000 848 000 766 042 000 000 000 488 000 000 924 598 113 000 454
000 000 000 000 432 000 000 171 904 489 539 000 000 000 000 000 868 192 676 253 000 000 000 925 877 709 000 000 000 000 000 000 000 413 029 000 424 000 000 744 000 772 000 000 267 619 000 848 000 000
850 000 350 031 642 177 568 000 369 303 470 211 726 000 000 000 000 526 816 541 078 000 226 000 404 000 358 000 408 676 000 000 051 000 000 000 000 780 000 000 000 898 328 509 202 138 649 668 000 428
000 000 014 000 000 656 000 000 000 000 160 000 546 000 000 000 000 033 000 683 000 216 149 621 303 221 000 000 000 710 000 870 893 061 824 766 959 893 186 000 057 000 030 000 000 716 813 000 000 000
260 000 000 163 234 934 000 893 442 000 000 000 000 000 000 000 004 000 101 748 050 000 796 445 000 680 000 000 000 000 203 661 000 000 252 000 000 000 584 010 000 000 337 000 000 661 000 000 000 000
000 254 878 000 000 000 902 704 000 000 000 290 000 000 000 000 000 000 696 149 000 000 000 000 151 000 382 000 959 000 000 606 167 000 809 630 669 000 000 173 000 000 585 000 000 564 052 000 176 000
430 466 304 000 000 000 000 275 000 400 147 000 157 893 000 000 978 000 000 431 000 861 000 000 368 821 000 000 000 879 000 586 613 000 124 428 000 759 027 660 000 000 000 000 000 124 000 945 000 000
503 000 542 500 000 000 631 000 958 476 017 000 140 000 000 451 882 000 000 392 000 000 000 000 652 000 000 000 000 538 000 000 488 000 000 000 000 544 365 655 606 697 000 000 000 000 000 850 000 000
000 000 000 000 000 000 439 000 000 757 726 000 000 000 000 000 000 622 958 390 000 000 000 540 141 000 000 000 000 844 152 000 510 970 350 000 000 000 000 000 000 831 000 479 000 000 019 000 000 254
969 000 000 587 000 450 000 129 138 296 055 608 600 718 000 737 390 000 000 805 422 000 069 000 623 836 889 527 173 215 000 074 000 304 956 055 706 000 128 765 130 000 000 661 000 000 131 000 656 000
000 852 000 000 026 000 000 000 000 000 094 000 991 809 000 000 000 000 000 772 020 000 000 000 000 000 000 847 000 000 000 000 204 396 591 289 000 762 150 354 240 000 741 223 742 705 000 682 000 000
000 467 000 765 000 000 058 000 000 000 000 679 000 251 000 697 000 791 000 732 166 000 000 000 000 000 000 338 337 418 073 000 000 000 000 000 635 405 605 653 000 000 039 591 091 000 000 000 000 000
360 000 569 240 000 000 000 000 069 146 000 694 000 000 000 000 000 000 000 695 000 069 177 680 000 257 766 081 679 000 825 000 872 916 661 451 016 440 568 966 296 000 905 466 751 875 000 053 000 000
000 000 088 000 000 576 000 426 000 000 000 000 696 662 424 000 000 000 000 000 392 900 000 000 000 000 000 000 501 908 304 000 000 000 000 000 902 743 050 298 950 229 398 000 000 808 878 000 108 000

